{
    "accessors": {
        "attrbute_1": {
            "bufferView": "bufferView_13",
            "byteOffset": 0,
            "byteStride": 12,
            "count": 3565,
            "max": [
                0.14178399741649628,
                0.12424899637699127,
                2.045380115509033,
                0.0
            ],
            "min": [
                -0.13045400381088257,
                -0.18116900324821472,
                1.7075810432434082,
                0.0
            ],
            "type": 35665
        },
        "attrbute_10": {
            "bufferView": "bufferView_13",
            "byteOffset": 414060,
            "byteStride": 16,
            "count": 6255,
            "max": [
                61,
                61,
                61,
                52
            ],
            "min": [
                0,
                -1,
                -1,
                -1
            ],
            "type": 35666
        },
        "attrbute_11": {
            "bufferView": "bufferView_13",
            "byteOffset": 514140,
            "byteStride": 12,
            "count": 6255,
            "max": [
                1.0,
                0.9989166259765625,
                0.9618524312973022
            ],
            "min": [
                0.0010376134887337685,
                0,
                0
            ],
            "type": 35665
        },
        "attrbute_2": {
            "bufferView": "bufferView_13",
            "byteOffset": 42780,
            "byteStride": 12,
            "count": 3565,
            "max": [
                0.9999997615814209,
                0.9997623562812805,
                0.9991638660430908,
                0.0
            ],
            "min": [
                -0.9999990463256836,
                -1.0,
                -0.9994632601737976,
                0.0
            ],
            "type": 35665
        },
        "attrbute_3": {
            "bufferView": "bufferView_13",
            "byteOffset": 85560,
            "byteStride": 8,
            "count": 3565,
            "max": [
                0.9915580153465271,
                0.9916970133781433
            ],
            "min": [
                0.0024709999561309814,
                0.007120013236999512
            ],
            "type": 35664
        },
        "attrbute_4": {
            "bufferView": "bufferView_13",
            "byteOffset": 114080,
            "byteStride": 16,
            "count": 3565,
            "max": [
                8,
                10,
                10,
                10
            ],
            "min": [
                0,
                -1,
                -1,
                -1
            ],
            "type": 35666
        },
        "attrbute_5": {
            "bufferView": "bufferView_13",
            "byteOffset": 171120,
            "byteStride": 12,
            "count": 3565,
            "max": [
                1.0,
                0.9499961733818054,
                0.6729991436004639
            ],
            "min": [
                0.0042114900425076485,
                0,
                0
            ],
            "type": 35665
        },
        "attrbute_7": {
            "bufferView": "bufferView_13",
            "byteOffset": 213900,
            "byteStride": 12,
            "count": 6255,
            "max": [
                0.5210570096969604,
                0.20781299471855164,
                1.7993470430374146,
                0.0
            ],
            "min": [
                -0.5210570096969604,
                -0.4919469952583313,
                -0.0005719999899156392,
                0.0
            ],
            "type": 35665
        },
        "attrbute_8": {
            "bufferView": "bufferView_13",
            "byteOffset": 288960,
            "byteStride": 12,
            "count": 6255,
            "max": [
                1.0,
                0.9999700784683228,
                0.9999808073043823,
                0.0
            ],
            "min": [
                -1.0,
                -0.9998456239700317,
                -0.9999808073043823,
                0.0
            ],
            "type": 35665
        },
        "attrbute_9": {
            "bufferView": "bufferView_13",
            "byteOffset": 364020,
            "byteStride": 8,
            "count": 6255,
            "max": [
                0.9966650009155273,
                0.9967280030250549
            ],
            "min": [
                0.002566999988630414,
                0.006236076354980469
            ],
            "type": 35664
        },
        "indices_12": {
            "bufferView": "bufferView_14",
            "byteOffset": 34032,
            "count": 30012,
            "type": 5123
        },
        "indices_6": {
            "bufferView": "bufferView_14",
            "byteOffset": 0,
            "count": 17016,
            "type": 5123
        }
    },
    "animations": {},
    "asset": {},
    "bufferViews": {
        "bufferView_13": {
            "buffer": "soldier.bin",
            "byteLength": 589200,
            "byteOffset": 0,
            "target": 34962
        },
        "bufferView_14": {
            "buffer": "soldier.bin",
            "byteLength": 94056,
            "byteOffset": 589200,
            "target": 34963
        },
        "bufferView_15": {
            "buffer": "soldier.bin",
            "byteLength": 3968,
            "byteOffset": 683256
        }
    },
    "buffers": {
        "soldier.bin": {
            "byteLength": 687224,
            "path": "soldier.bin"
        }
    },
    "cameras": {},
    "images": {
        "image_0": {
            "path": "textures/Unity_soldier_Head_DIF_01.png"
        },
        "image_1": {
            "path": "textures/Unity_Soldier_Head_NMM_01.jpg"
        },
        "image_2": {
            "path": "textures/Unity_soldier_Body_DIF_wip.png"
        },
        "image_3": {
            "path": "textures/Unity_Soldier_Body_NMM_01.png"
        }
    },
    "lights": {},
    "materials": {
        "polySurface1SG": {
            "instanceTechnique": {
                "technique": "technique_0",
                "values": {
                    "ambient": [
                        0.5,
                        0.5,
                        0.5
                    ],
                    "diffuse": "Unity_soldier_Head_DIF_01.png",
                    "emission": [
                        0.0,
                        0.0,
                        0.0
                    ],
                    "normalMap": "Unity_Soldier_Head_NMM_01.jpg",
                    "transparency": 1
                }
            },
            "name": "polySurface1SG"
        },
        "polySurface1SG1": {
            "instanceTechnique": {
                "technique": "technique_0",
                "values": {
                    "ambient": [
                        0.5,
                        0.5,
                        0.5
                    ],
                    "diffuse": "Unity_soldier_Body_DIF_wip.png",
                    "emission": [
                        0.0,
                        0.0,
                        0.0
                    ],
                    "normalMap": "Unity_Soldier_Body_NMM_01.png",
                    "transparency": 1
                }
            },
            "name": "polySurface1SG1"
        }
    },
    "meshes": {
        "Soldier-mesh": {
            "name": "Soldier-mesh",
            "primitives": [
                {
                    "attributes": {
                        "JOINT": "attrbute_4",
                        "NORMAL": "attrbute_2",
                        "POSITION": "attrbute_1",
                        "TEXCOORD_0": "attrbute_3",
                        "WEIGHT": "attrbute_5"
                    },
                    "indices": "indices_6",
                    "material": "polySurface1SG"
                },
                {
                    "attributes": {
                        "JOINT": "attrbute_10",
                        "NORMAL": "attrbute_8",
                        "POSITION": "attrbute_7",
                        "TEXCOORD_0": "attrbute_9",
                        "WEIGHT": "attrbute_11"
                    },
                    "indices": "indices_12",
                    "material": "polySurface1SG1"
                }
            ]
        }
    },
    "nodes": {
        "LArmCollarbone": {
            "children": [
                "LArmUpper1"
            ],
            "jointId": "LArmCollarbone",
            "matrix": [
                -0.3457566543527649,
                0.005295322791229841,
                0.9383092114639152,
                0.0,
                0.0973285297768285,
                0.9947924758001463,
                0.03025041128475884,
                0.0,
                -0.9332628134727493,
                0.10178354309322336,
                -0.34447152472202924,
                0.0,
                21.716293334960938,
                -4.768371546504113e-07,
                0.9166598320007201,
                1.0
            ],
            "name": "LArmCollarbone"
        },
        "LArmForearm1": {
            "children": [
                "LArmForearm2"
            ],
            "jointId": "LArmForearm1",
            "matrix": [
                0.6212139227391071,
                0.7550492247478762,
                -0.20974815058580976,
                0.0,
                -0.1990356941760294,
                0.41090537089887663,
                0.8896863232563001,
                0.0,
                0.7579436537870567,
                -0.5109380371899931,
                0.405541754702894,
                0.0,
                13.350493907928623,
                -2.0605739337042905e-13,
                6.079674022885229e-06,
                1.0
            ],
            "name": "LArmForearm1"
        },
        "LArmForearm2": {
            "children": [
                "LArmHand"
            ],
            "jointId": "LArmForearm2",
            "matrix": [
                1.0000000000000027,
                1.3877787807814457e-15,
                -2.3521662034786672e-08,
                0.0,
                -3.6041279405374382e-09,
                0.988191168747165,
                -0.15322584832190753,
                0.0,
                2.3243901303704462e-08,
                0.15322586919876896,
                0.9881913213493319,
                0.0,
                13.349839985370252,
                -5.364417603459515e-07,
                1.7881370695249643e-07,
                1.0
            ],
            "name": "LArmForearm2"
        },
        "LArmHand": {
            "children": [
                "LArmPinky1",
                "LArmRing1",
                "LArmMid1",
                "LArmIndex1",
                "LArmThumb1"
            ],
            "jointId": "LArmHand",
            "matrix": [
                0.9866326578964414,
                -0.11174599404859531,
                0.11861186508137139,
                0.0,
                -0.03125546668380563,
                -0.8441093141338011,
                -0.5352596869103959,
                0.0,
                0.15993453222746534,
                0.5243975388606684,
                -0.836318438426854,
                0.0,
                13.349838167429674,
                -7.152556690925849e-06,
                -7.152560030476707e-06,
                1.0
            ],
            "name": "LArmHand"
        },
        "LArmIndex1": {
            "children": [
                "LArmIndex2"
            ],
            "jointId": "LArmIndex1",
            "matrix": [
                0.9420763266262377,
                0.18175115018212673,
                -0.28188365958811223,
                0.0,
                -0.10141573803733389,
                0.9554676743569546,
                0.2771214775511838,
                0.0,
                0.31969809277652805,
                -0.23248220170353132,
                0.9185560257439547,
                0.0,
                9.16024693734726,
                -0.21468122004134216,
                -3.664072347851228,
                1.0
            ],
            "name": "LArmIndex1"
        },
        "LArmIndex2": {
            "children": [
                "LArmIndex3"
            ],
            "jointId": "LArmIndex2",
            "matrix": [
                0.9645299403541558,
                0.26397382972085304,
                4.806103398244388e-06,
                0.0,
                -0.26397395808479396,
                0.9645297849726325,
                -8.814107556043282e-07,
                0.0,
                -4.868302307448058e-06,
                -4.1853906521116535e-07,
                0.9999999310697789,
                0.0,
                5.188182830810025,
                -6.437301976802701e-06,
                1.65402776275414e-06,
                1.0
            ],
            "name": "LArmIndex2"
        },
        "LArmIndex3": {
            "children": [],
            "jointId": "LArmIndex3",
            "matrix": [
                0.9503037894553905,
                0.31132385561053233,
                -3.2636213102010814e-06,
                0.0,
                -0.3113239571174629,
                0.9503037903146765,
                2.400778099616481e-06,
                0.0,
                3.848853308258127e-06,
                -1.2654253078656086e-06,
                1.000000018618617,
                0.0,
                2.482028871774844,
                1.1920926112907182e-06,
                -1.8328427628944155e-06,
                1.0
            ],
            "name": "LArmIndex3"
        },
        "LArmMid1": {
            "children": [
                "LArmMid2"
            ],
            "jointId": "LArmMid1",
            "matrix": [
                0.7713196867314062,
                0.6304453262695405,
                -0.08720189528363595,
                0.0,
                -0.5787534664070682,
                0.7517865073891569,
                0.31600852547385133,
                0.0,
                0.2647834971056725,
                -0.19327525130621304,
                0.9447403050849664,
                0.0,
                9.701446121946873,
                -0.840973465715436,
                -0.5833263848179477,
                1.0
            ],
            "name": "LArmMid1"
        },
        "LArmMid2": {
            "children": [
                "LArmMid3"
            ],
            "jointId": "LArmMid2",
            "matrix": [
                0.5745382368743046,
                0.8184777527331297,
                -9.726122277425864e-07,
                0.0,
                -0.8184778895449835,
                0.574538044195613,
                -2.7641548522305825e-08,
                0.0,
                5.361790795521681e-07,
                8.119428449478161e-07,
                0.9999999999995832,
                0.0,
                6.084232866764246,
                1.788152559356604e-07,
                1.1697409298960793e-06,
                1.0
            ],
            "name": "LArmMid2"
        },
        "LArmMid3": {
            "children": [],
            "jointId": "LArmMid3",
            "matrix": [
                0.6558672402947998,
                0.7548762941237972,
                4.108302197082525e-07,
                0.0,
                -0.7548761688653522,
                0.6558672417886525,
                -5.277690015015324e-07,
                0.0,
                -6.678506765112058e-07,
                3.602047790596252e-08,
                1.0000000819560748,
                0.0,
                2.7479498982424104,
                -3.5762788286319847e-06,
                -6.929032307922967e-07,
                1.0
            ],
            "name": "LArmMid3"
        },
        "LArmPinky1": {
            "children": [
                "LArmPinky2"
            ],
            "jointId": "LArmPinky1",
            "matrix": [
                0.6140929095915381,
                0.7868751134758519,
                -0.06096814270146642,
                0.0,
                -0.7528707297212829,
                0.6072268825017038,
                0.2538924049593917,
                0.0,
                0.2368032385856837,
                -0.11001240646084982,
                0.9653089486168337,
                0.0,
                9.051111009531475,
                -0.2682111617666578,
                4.543979788664437,
                1.0
            ],
            "name": "LArmPinky1"
        },
        "LArmPinky2": {
            "children": [
                "LArmPinky3"
            ],
            "jointId": "LArmPinky2",
            "matrix": [
                0.7156699664935045,
                0.6984385232264946,
                -4.7767541535986835e-06,
                0.0,
                -0.6984386734066842,
                0.715669806633325,
                -6.422142472262138e-07,
                0.0,
                2.970032994847882e-06,
                3.7958834644968853e-06,
                0.9999998900928249,
                0.0,
                3.445582836865924,
                -1.7285343858475244e-06,
                2.9629632081196178e-12,
                1.0
            ],
            "name": "LArmPinky2"
        },
        "LArmPinky3": {
            "children": [],
            "jointId": "LArmPinky3",
            "matrix": [
                0.7793058058635612,
                0.6266438035510606,
                3.1575410487571717e-06,
                0.0,
                -0.6266437832843729,
                0.7793057871903221,
                -1.4023428825116202e-06,
                0.0,
                -3.3394605045422576e-06,
                -8.857997944727858e-07,
                1.0000001192029926,
                0.0,
                1.8170412182804938,
                -8.940693163594915e-08,
                1.3411044896827207e-07,
                1.0
            ],
            "name": "LArmPinky3"
        },
        "LArmRing1": {
            "children": [
                "LArmRing2"
            ],
            "jointId": "LArmRing1",
            "matrix": [
                0.6526178057769071,
                0.7459423733220045,
                -0.13288904281939307,
                0.0,
                -0.6899092377477303,
                0.657534213213088,
                0.30277721046818007,
                0.0,
                0.3132336608214081,
                -0.10591644711942672,
                0.9437511986771501,
                0.0,
                9.97536564183855,
                -0.778237307958193,
                2.1833093120367195,
                1.0
            ],
            "name": "LArmRing1"
        },
        "LArmRing2": {
            "children": [
                "LArmRing3"
            ],
            "jointId": "LArmRing2",
            "matrix": [
                0.6309377791214501,
                0.7758333769393426,
                6.102848633254832e-07,
                0.0,
                -0.7758335307342671,
                0.6309375881589265,
                -1.3147690526849054e-06,
                0.0,
                -1.405094401524254e-06,
                3.5605808824251683e-07,
                0.9999999720590053,
                0.0,
                4.8661021292211615,
                1.728533561617951e-06,
                -5.140929175695419e-07,
                1.0
            ],
            "name": "LArmRing2"
        },
        "LArmRing3": {
            "children": [],
            "jointId": "LArmRing3",
            "matrix": [
                0.6522831873173327,
                0.7579755320965539,
                -1.5777662764615563e-06,
                0.0,
                -0.7579753437060068,
                0.6522830933163128,
                5.960564534446267e-07,
                0.0,
                1.4809470075399789e-06,
                8.071107074347772e-07,
                1.0000000186251423,
                0.0,
                2.7177852392204613,
                -4.768371368868429e-06,
                2.9802400902667614e-07,
                1.0
            ],
            "name": "LArmRing3"
        },
        "LArmThumb1": {
            "children": [
                "LArmThumb2"
            ],
            "jointId": "LArmThumb1",
            "matrix": [
                0.7628334184543811,
                0.45038433436245684,
                -0.46393822092037407,
                0.0,
                -0.5439409844394003,
                0.059060892806725496,
                -0.8370425493526149,
                0.0,
                -0.34959045664005595,
                0.8908791838992134,
                0.2900361339493726,
                0.0,
                0.9992933744046582,
                1.4167861356467313,
                -3.252060356848748,
                1.0
            ],
            "name": "LArmThumb1"
        },
        "LArmThumb2": {
            "children": [
                "LArmThumb3"
            ],
            "jointId": "LArmThumb2",
            "matrix": [
                0.9727904939431269,
                -0.21648472993657553,
                0.08254003881405311,
                0.0,
                0.20796311717321078,
                0.9729290189026429,
                0.10079840992111051,
                0.0,
                -0.10212701068368868,
                -0.0808904578409628,
                0.9914770610371054,
                0.0,
                3.833393096927029,
                8.270176827807063e-07,
                1.5139579616629817e-05,
                1.0
            ],
            "name": "LArmThumb2"
        },
        "LArmThumb3": {
            "children": [],
            "jointId": "LArmThumb3",
            "matrix": [
                0.9785402316942183,
                0.2008056477240769,
                -0.046221148986420324,
                0.0,
                -0.18606425225447995,
                0.9574669422471732,
                0.22053873977336869,
                0.0,
                0.08854070657811558,
                -0.2072059047205987,
                0.9742824878742914,
                0.0,
                4.323397129772523,
                -2.980238171801375e-07,
                -5.245209123927452e-06,
                1.0
            ],
            "name": "LArmThumb3"
        },
        "LArmUpper1": {
            "children": [
                "LArmUpper2"
            ],
            "jointId": "LArmUpper1",
            "matrix": [
                0.6789831012865487,
                0.34405133434976826,
                0.6485449585401076,
                0.0,
                -0.7039304649680923,
                0.5559565257343451,
                0.4420345034262207,
                0.0,
                -0.20848026993608382,
                -0.7566645263238132,
                0.6196733133276346,
                0.0,
                17.20096561312677,
                4.321335964618811e-07,
                -1.323223156646236e-05,
                1.0
            ],
            "name": "LArmUpper1"
        },
        "LArmUpper2": {
            "children": [
                "LArmForearm1"
            ],
            "jointId": "LArmUpper2",
            "matrix": [
                0.9999999999999996,
                1.0547118733938987e-15,
                -2.5940857517614546e-08,
                0.0,
                7.100633997447758e-09,
                0.9618083019605403,
                0.27372389202513664,
                0.0,
                2.495014195247336e-08,
                -0.27372390726502005,
                0.9618083196801572,
                0.0,
                13.350479125976392,
                4.3213402278752255e-07,
                -5.900860145402476e-06,
                1.0
            ],
            "name": "LArmUpper2"
        },
        "LLegAnkle": {
            "children": [
                "LLegToe1"
            ],
            "jointId": "LLegAnkle",
            "matrix": [
                0.5684088202074395,
                0.8216857374976603,
                0.041764178478977065,
                0.0,
                -0.8115151257277652,
                0.5682856413711171,
                -0.1359935038726622,
                0.0,
                -0.13547787031816338,
                0.043407651550365134,
                0.9898291353197542,
                0.0,
                37.37793722748758,
                1.2125820010311372e-06,
                -1.6987324329420517e-06,
                1.0
            ],
            "name": "LLegAnkle"
        },
        "LLegCalf": {
            "children": [
                "LLegAnkle"
            ],
            "jointId": "LLegCalf",
            "matrix": [
                0.9824709862744364,
                -0.1840800178618896,
                -0.029422640719558107,
                0.0,
                0.18406604957474115,
                0.9829086341788369,
                -0.0032045275637236914,
                0.0,
                0.029509652642517828,
                -0.002267353547145301,
                0.9995618642041701,
                0.0,
                41.55469757318521,
                4.0233136200384934e-07,
                7.105427357601002e-15,
                1.0
            ],
            "name": "LLegCalf"
        },
        "LLegToe1": {
            "children": [],
            "jointId": "LLegToe1",
            "matrix": [
                0.7152630372463032,
                0.6884057016599903,
                0.12039991715657844,
                0.0,
                -0.6934454681270602,
                0.7205092258441363,
                -5.381381951179273e-05,
                0.0,
                -0.0867862754280248,
                -0.08345231042790677,
                0.9927254030432744,
                0.0,
                15.988004729151527,
                4.172325720475101e-07,
                4.32133663963441e-07,
                1.0
            ],
            "name": "LLegToe1"
        },
        "LLegUpper": {
            "children": [
                "LLegCalf"
            ],
            "jointId": "LLegUpper",
            "matrix": [
                -0.9949720942512427,
                -0.003823913573842267,
                0.10007901260222436,
                0.0,
                0.02519977654562188,
                0.957562961415903,
                0.2871202633107211,
                0.0,
                -0.09692988760191813,
                0.2881986447464987,
                -0.9526521502780092,
                0.0,
                -3.4340896606445312,
                -0.31900906562804754,
                8.619214057922374,
                1.0
            ],
            "name": "LLegUpper"
        },
        "Lbrow": {
            "children": [],
            "jointId": "Lbrow",
            "matrix": [
                0.9999998807907027,
                -4.9344966442205784e-17,
                1.212581564345269e-07,
                0.0,
                -2.5247091029176235e-14,
                0.9999997019767398,
                2.0861634167368415e-07,
                0.0,
                -1.2125814920697586e-07,
                -2.0861631683244397e-07,
                0.9999998211860507,
                0.0,
                8.311676025390625,
                10.492082585050191,
                3.5565701056280954,
                1.0
            ],
            "name": "Lbrow"
        },
        "Leyelid": {
            "children": [],
            "jointId": "Leyelid",
            "matrix": [
                0.9999998807907027,
                -4.9344966442205784e-17,
                1.212581564345269e-07,
                0.0,
                -2.5247091029176235e-14,
                0.9999997019767398,
                2.0861634167368415e-07,
                0.0,
                -1.2125814920697586e-07,
                -2.0861631683244397e-07,
                0.9999998211860507,
                0.0,
                6.753585815429602,
                9.069843281816603,
                3.439302775324421,
                1.0
            ],
            "name": "Leyelid"
        },
        "Lmouth": {
            "children": [],
            "jointId": "Lmouth",
            "matrix": [
                0.9999998807907027,
                -4.9344966442205784e-17,
                1.212581564345269e-07,
                0.0,
                -2.5247091029176235e-14,
                0.9999997019767398,
                2.0861634167368415e-07,
                0.0,
                -1.2125814920697586e-07,
                -2.0861631683244397e-07,
                0.9999998211860507,
                0.0,
                -1.9930725097656818,
                10.49208087312651,
                2.992177958042471,
                1.0
            ],
            "name": "Lmouth"
        },
        "Neck1": {
            "children": [
                "NeckHead"
            ],
            "jointId": "Neck1",
            "matrix": [
                1.000000119209283,
                1.397711709776149e-16,
                -1.191620233541877e-07,
                0.0,
                6.468806473042178e-09,
                0.9985256768270298,
                0.05428581356429046,
                0.0,
                1.1898631166085888e-07,
                -0.05428580709291913,
                0.9985255577935147,
                0.0,
                25.793365478515625,
                1.4305114750312597e-05,
                3.576278532202437e-07,
                1.0
            ],
            "name": "Neck1"
        },
        "NeckHead": {
            "children": [
                "Reyelid",
                "Leyelid",
                "Rbrow",
                "Lbrow",
                "Rmouth",
                "Lmouth"
            ],
            "jointId": "NeckHead",
            "matrix": [
                0.9999999999999998,
                -4.5562156167563346e-17,
                -3.87411369232079e-10,
                0.0,
                5.893754843342227e-11,
                0.9883602521995026,
                0.1521315792007135,
                0.0,
                3.8290199166772284e-10,
                -0.15213154292972908,
                0.9883602521995004,
                0.0,
                7.204971313476506,
                -1.1920928999487046e-07,
                5.960464771748164e-08,
                1.0
            ],
            "name": "NeckHead"
        },
        "Pelvis": {
            "children": [
                "LLegUpper",
                "Spine1",
                "RLegUpper"
            ],
            "jointId": "Pelvis",
            "matrix": [
                5.053215498074303e-16,
                1.0,
                -5.551115123125783e-17,
                0.0,
                -2.6530763192494957e-07,
                5.551128529691961e-17,
                0.9999999999999647,
                0.0,
                0.9999999999999646,
                -5.053215350798804e-16,
                2.6530763192494957e-07,
                0.0,
                -0.37290800559601,
                94.5982666015608,
                1.5536597639770509,
                1.0
            ],
            "name": "Pelvis"
        },
        "RArmCollarbone": {
            "children": [
                "RArmUpper1"
            ],
            "jointId": "RArmCollarbone",
            "matrix": [
                -0.07591391515998347,
                -0.18868189899209972,
                -0.979099697925507,
                0.0,
                0.020666104082899515,
                0.9814244776726336,
                -0.19073224047797321,
                0.0,
                0.9969001309583757,
                -0.034713407386782455,
                -0.0706044547708415,
                0.0,
                21.716293334960852,
                -3.576278655437193e-07,
                -0.9166599009186143,
                1.0
            ],
            "name": "RArmCollarbone"
        },
        "RArmForearm1": {
            "children": [
                "RArmForearm2"
            ],
            "jointId": "RArmForearm1",
            "matrix": [
                -0.06390350405561662,
                0.8521605366045713,
                0.519364538999832,
                0.0,
                -0.03226803514596857,
                0.5183915897398441,
                -0.8545344160891154,
                0.0,
                -0.9974340375409265,
                -0.07136660374914765,
                -0.005629491587534952,
                0.0,
                13.350487291812655,
                -1.7881397695873602e-07,
                7.987022314637215e-06,
                1.0
            ],
            "name": "RArmForearm1"
        },
        "RArmForearm2": {
            "children": [
                "RArmHand"
            ],
            "jointId": "RArmForearm2",
            "matrix": [
                1.0000000186264526,
                2.275957200481571e-15,
                3.678467591639034e-08,
                0.0,
                4.888100257893768e-09,
                0.9911315489175136,
                -0.13288430822333155,
                0.0,
                -3.645842555632939e-08,
                0.13288429097290294,
                0.991131555321768,
                0.0,
                13.349838688968497,
                -9.521272659185342e-13,
                -7.1525575009445674e-06,
                1.0
            ],
            "name": "RArmForearm2"
        },
        "RArmHand": {
            "children": [
                "RArmPinky1",
                "RArmRing1",
                "RArmMid1",
                "RArmIndex1",
                "RArmThumb1"
            ],
            "jointId": "RArmHand",
            "matrix": [
                0.7696673331881392,
                0.548331783714604,
                -0.3270236096378373,
                0.0,
                -0.21033509748849183,
                0.7013999588970398,
                0.6810265419913042,
                0.0,
                0.6028024657931184,
                -0.45537935264829216,
                0.6551781546517641,
                0.0,
                13.349839605391086,
                -1.5497205509973355e-06,
                -3.576276128569589e-07,
                1.0
            ],
            "name": "RArmHand"
        },
        "RArmIndex1": {
            "children": [
                "RArmIndex2"
            ],
            "jointId": "RArmIndex1",
            "matrix": [
                0.9667022206836946,
                0.1921001851535574,
                0.16906923420766967,
                0.0,
                -0.15859302910313527,
                0.9682321692720863,
                -0.19332479092647492,
                0.0,
                -0.20083588901540136,
                0.160074292764286,
                0.9664579850590234,
                0.0,
                9.160241274898127,
                -0.2146802697221375,
                3.66404895349946,
                1.0
            ],
            "name": "RArmIndex1"
        },
        "RArmIndex2": {
            "children": [
                "RArmIndex3"
            ],
            "jointId": "RArmIndex2",
            "matrix": [
                0.44280312109731623,
                0.8966192292646182,
                -4.84077870681332e-06,
                0.0,
                -0.8966186400434136,
                0.4428031657878119,
                9.249031820285358e-07,
                0.0,
                2.972795570113651e-06,
                3.930782021183132e-06,
                1.000000018615272,
                0.0,
                5.1881883740419426,
                1.788138632718983e-07,
                -1.3709065740385995e-06,
                1.0
            ],
            "name": "RArmIndex2"
        },
        "RArmIndex3": {
            "children": [],
            "jointId": "RArmIndex3",
            "matrix": [
                0.9416718724441676,
                0.33653228573095273,
                3.335053654754394e-06,
                0.0,
                -0.3365320937361708,
                0.9416718590381143,
                -1.032641460826933e-06,
                0.0,
                -3.488041500021577e-06,
                -1.499431742657542e-07,
                1.000000018619779,
                0.0,
                2.4820328652866834,
                3.397463707699444e-06,
                6.616115939550582e-06,
                1.0
            ],
            "name": "RArmIndex3"
        },
        "RArmMid1": {
            "children": [
                "RArmMid2"
            ],
            "jointId": "RArmMid1",
            "matrix": [
                0.2897140100210023,
                0.9436102484834542,
                -0.160205084880531,
                0.0,
                -0.9559572608013067,
                0.29350500489782916,
                -9.987926408161485e-08,
                0.0,
                0.047020878566203794,
                0.15314924805945657,
                0.9870837216741948,
                0.0,
                9.7014539032362,
                -0.8409616889921736,
                0.5833352763837354,
                1.0
            ],
            "name": "RArmMid1"
        },
        "RArmMid2": {
            "children": [
                "RArmMid3"
            ],
            "jointId": "RArmMid2",
            "matrix": [
                -0.027382930920700488,
                0.9996252542409184,
                1.669300161155629e-07,
                0.0,
                -0.9996249721540813,
                -0.02738293134276787,
                -2.9605872436944125e-07,
                0.0,
                -2.913766328216383e-07,
                -1.7497435345070755e-07,
                1.0000002011655755,
                0.0,
                6.0842358469970605,
                6.616115868496308e-06,
                -5.364407655861214e-07,
                1.0
            ],
            "name": "RArmMid2"
        },
        "RArmMid3": {
            "children": [],
            "jointId": "RArmMid3",
            "matrix": [
                0.7873641705601497,
                0.6164880799453212,
                -2.93298944681813e-07,
                0.0,
                -0.6164878909052378,
                0.7873641391734834,
                2.3771024512675432e-07,
                0.0,
                3.774786350163595e-07,
                -6.349284542572775e-09,
                0.9999999999999148,
                0.0,
                2.7479633092879254,
                1.4210854715202004e-14,
                2.842170943040401e-14,
                1.0
            ],
            "name": "RArmMid3"
        },
        "RArmPinky1": {
            "children": [
                "RArmPinky2"
            ],
            "jointId": "RArmPinky1",
            "matrix": [
                0.2973970122503292,
                0.9534720995960404,
                -0.04945989683325355,
                0.0,
                -0.9202396279967704,
                0.30006417042385325,
                0.2512372096633276,
                0.0,
                0.25438866649144515,
                -0.029202235925028686,
                0.9666610209443371,
                0.0,
                9.051093162623033,
                -0.2682115520864201,
                -4.543982466490618,
                1.0
            ],
            "name": "RArmPinky1"
        },
        "RArmPinky2": {
            "children": [
                "RArmPinky3"
            ],
            "jointId": "RArmPinky2",
            "matrix": [
                0.5365884410649269,
                0.8438441737013709,
                4.008113043407757e-06,
                0.0,
                -0.8438439477625078,
                0.5365884748628028,
